16

 0 12 35 47 60 34 29 50 42 55 45 65 34 25 75 23
12  0 28 30 43 19 20 31 34 49 38 56 23 20 62 15
35 28  0 18 24 38 40 27 49 35 47 61 36 45 59 31
47 30 18  0 22 27 29 40 41 51 34 55 28 33 62 26
60 43 24 22  0 35 37 46 50 59 42 48 31 30 60 29
34 19 38 27 35  0 25 26 41 33 40 53 22 24 50 18
29 20 40 29 37 25  0 23 33 37 31 52 27 19 58 17
50 31 27 40 46 26 23  0 35 40 29 60 21 33 53 28
42 34 49 41 50 41 33 35  0 47 32 45 24 26 56 30
55 49 35 51 59 33 37 40 47  0 28 48 34 39 63 19
45 38 47 34 42 40 31 29 32 28  0 47 33 20 54 22
65 56 61 55 48 53 52 60 45 48 47  0 30 36 72 33
34 23 36 28 31 22 27 21 24 34 33 30  0 24 49 20
25 20 45 33 30 24 19 33 26 39 20 36 24  0 65 18
75 62 59 62 60 50 58 53 56 63 54 72 49 65  0 32
23 15 31 26 29 18 17 28 30 19 22 33 20 18 32  0

 0 78 50 60 35 48 20 54 37 62 49 70 42 25 85 40
78  0 32 45 53 20 60 28 57 52 40 65 31 30 72 21
50 32  0 26 40 29 35 46 54 47 55 61 38 41 68 26
60 45 26  0 38 34 30 53 62 65 43 55 48 44 75 33
35 53 40 38  0 42 58 36 41 59 47 48 30 27 63 37
48 20 29 34 42  0 40 29 34 50 28 53 26 23 61 19
20 60 35 30 58 40  0 31 53 46 37 52 28 34 64 22
54 28 46 53 36 29 31  0 28 49 34 50 35 43 58 38
37 57 54 62 41 34 53 28  0 47 33 61 23 26 73 32
62 52 47 65 59 50 46 49 47  0 30 57 45 39 69 27
49 40 55 43 47 28 37 34 33 30  0 55 33 19 59 21
70 65 61 55 48 53 52 50 61 57 55  0 42 36 75 29
42 31 38 48 30 26 28 35 23 45 33 42  0 26 64 20
25 30 41 44 27 23 34 43 26 39 19 36 26  0 69 17
85 72 68 75 63 61 64 58 73 69 59 75 64 69  0 39
40 21 26 33 37 19 22 38 32 27 21 29 20 17 39  0

(100,150)
(200,250)
(300,100)
(350,400)
(500,300)
(150,500)
(250,350)
(400,450)
(550,200)
(450,250)
(600,600)
(700,700)
(250,150)
(150,200)
(450,350)
(350,300)
